[INFO]
Axis=2
StartPos=5.000000
Step=0.003000
EndPos=5.004000
TotalRepeat=20
Reverse=0
Optimize=1
Manual=0
