[INFO]
Axis=2
StartPos=5.000000
Step=0.003000
EndPos=5.060000
TotalRepeat=1
Reverse=0
Optimize=1
